39
70
5
79
37
94
11
92
98
41
35
45
95
23
50
34
39
47
43
36
76
75
76
53
65
89
28
38
9
43
89
3
34
15
36
70
78
81
1
66
88
61
45
19
81
60
45
37
17
35
44
65
16
64
78
91
1
18
65
72
46
52
2
80
67
18
16
78
17
81
8
25
80
24
36
84
65
35
48
92
78
16
56
85
16
32
95
55
86
85
61
96
43
71
75
59
62
17
84
39
31
58
76
59
75
64
18
30
64
9
40
60
23
93
58
40
31
0
56
88
95
86
8
75
61
37
96
57
34
43
26
58
2
1
46
57
76
19
85
75
3
57
91
89
19
24
27
75
63
59
36
79
9
61
88
70
73
64
77
62
88
47
68
58
91
25
73
14
47
7
94
74
88
92
79
90
15
11
83
61
83
29
19
20
91
58
55
78
77
8
67
89
63
78
79
94
59
91
25
91
66
54
37
40
17
29
43
68
3
15
26
85
43
3
49
98
50
13
98
62
91
75
48
11
3
29
50
80
92
14
87
20
62
21
65
3
96
73
0
63
70
97
96
93
19
68
99
58
38
29
97
62
18
16
95
12
86
42
43
43
16
38
62
80
6
12
75
72
87
55
64
7
20
43
72
37
59
89
36
72
62
28
60
46
13
52
45
63
41
42
44
20
13
4
18
72
39
91
20
36
77
91
70
95
22
2
95
47
87
17
76
83
46
28
66
94
18
17
36
25
27
97
58
41
93
27
75
0
84
30
45
18
49
46
94
59
28
58
33
68
7
1
64
72
11
30
61
2
31
47
19
25
14
3
61
15
98
80
58
47
22
64
65
74
5
95
85
69
61
75
62
73
55
87
34
31
29
98
35
47
30
0
66
60
66
56
9
91
2
30
22
38
32
35
86
80
28
26
46
75
33
20
93
37
59
10
77
15
75
53
45
99
86
51
18
10
72
15
41
20
47
21
95
65
48
30
82
28
85
68
17
82
94
67
80
88
95
15
58
9
94
89
10
8
59
1
29
59
87
14
34
42
15
78
6
55
98
64
83
63
46
57
15
21
81
58
37
62
3
48
55
9
1
10
15
37
88
72
42
94
84
31
76
37
45
92
17
73
83
10
77
59
14
43
26
41
12
67
73
15
40
9
51
26
61
22
85
10
43
64
66
28
67
44
71
93
89
84
99
43
3
29
78
58
37
20
0
14
3
64
27
91
0
9
30
57
61
32
54
68
27
40
27
48
51
67
2
83
94
1
1
56
69
71
4
31
95
8
49
91
90
79
1
27
32
24
56
22
34
56
74
29
4
28
36
88
48
37
10
6
50
32
25
13
21
61
4
66
28
58
91
29
95
70
69
86
0
35
26
76
95
25
55
15
14
9
17
29
63
86
12
1
52
20
89
86
24
83
46
19
80
94
20
83
9
30
64
7
9
1
63
28
85
69
43
29
13
62
58
58
8
86
1
30
60
77
96
78
14
1
22
94
23
41
51
51
90
23
65
56
21
98
52
38
3
30
3
55
9
91
24
29
58
57
16
0
50
12
43
98
78
99
59
92
69
2
93
35
46
77
30
21
81
63
95
73
62
5
59
93
62
77
30
23
58
43
75
36
9
4
80
17
93
20
62
20
58
86
45
11
94
32
53
16
42
24
66
98
90
42
47
75
96
91
37
47
83
48
80
40
55
81
62
24
42
6
31
97
6
64
39
73
21
31
15
94
86
23
36
12
90
33
46
85
55
42
23
98
26
28
41
30
63
60
57
83
22
79
2
5
25
28
39
14
52
24
92
48
7
78
46
72
98
70
97
80
83
49
94
60
82
62
10
40
61
81
98
46
12
69
7
71
67
7
33
53
55
53
80
73
91
5
55
70
3
13
64
67
4
17
85
20
44
20
21
40
89
94
16
84
9
30
77
32
88
40
50
88
5
12
62
33
44
83
75
42
25
14
71
61
6
13
17
63
83
60
24
57
75
21
51
2
80
7
57
94
32
24
97
44
91
39
43
76
76
32
94
83
79
33
93
76
94
37
69
33
48
75
80
27
63
46
84
79
30
0
39
47
83
14
35
53
72
75
35
94
93
17
85
90
74
93
24
92
94
98
17
77
18
66
97
55
78
68
21
9
46
66
87
70
42
74
35
22
36
1
98
12
18
29
82
18
37
4
30
67
59
75
93
12
38
63
39
87
30
19
40
81
97
14
84
22
67
57
49
92
45
55
96
40
98
53
72
0
8
72
56
71
5
36
98
10
32
71
61
53
0
24
65
98
